                   DIRECTORY |                           leoiii |                         satallax |      cvc4-hoelim-fmf-storeax-agg |                         cvc4-fmf |
                   BENCHMARK |  STAT  RES EXIT CPU[s] SPACE[MB] |  STAT  RES EXIT CPU[s] SPACE[MB] |  STAT  RES EXIT CPU[s] SPACE[MB] |  STAT  RES EXIT CPU[s] SPACE[MB] |
     th0-lamb/SET-SET144^5.p |    di   20    0   7.61     414.8 |    di   20    0    0.0       0.0 |    di   10    0    0.0       0.0 |    di   20    0    0.0       0.0 |
     th0-lamb/SET-SET162^5.p |    di   20    0   2.69     178.7 |    di   20    0    0.0       0.0 |    di   10    0    0.0       0.0 |    di   20    0    0.0       0.0 |
     th0-lamb/SET-SET173^5.p |    di   20    0   3.69     255.7 |    di   20    0    0.0       0.0 |    di   10    0    0.0       0.0 |    di   20    0    0.0       0.0 |
     th0-lamb/SET-SET175^5.p |    di   20    0    4.9     297.6 |    di   20    0    0.0       0.0 |    di   10    0    0.0       0.0 |    di   20    0    0.0       0.0 |
     th0-lamb/SET-SET183^5.p |    di   20    0   4.86     314.5 |    di   20    0    0.0       0.0 |    di   10    0    0.0       0.0 |    di   20    0    0.0       0.0 |
     th0-lamb/SET-SET582^5.p |    di   20    0    8.1     393.5 |    di   20    0    0.0       0.0 |    di   10    0    0.0       0.0 |    di   20    0    0.0       0.0 |
     th0-lamb/SET-SET592^5.p |    di   20    0   5.81     335.0 |    di   20    0    0.0       0.0 |    di   10    0    0.0       0.0 |    di   20    0    0.0       0.0 |
     th0-lamb/SET-SET594^5.p |    di   20    0   4.65     280.0 |    di   20    0    0.0       0.0 |    di   10    0    0.0       0.0 |    di   20    0    0.0       0.0 |
     th0-lamb/SET-SET595^5.p |    di   20    0   4.76     317.9 |    di   20    0    0.0       0.0 |    di   10    0    0.0       0.0 |    di   20    0    0.0       0.0 |
     th0-lamb/SET-SET596^5.p |    di   20    0   7.15     381.9 |    di   20    0    0.0       0.0 |    di   10    0    0.0       0.0 |    di   20    0    0.0       0.0 |
     th0-lamb/SET-SET597^5.p |    di    -    2  60.03    1295.7 |    di   20    0   7.85     141.4 |    di   10    0    0.0       0.0 |    di   30    0    0.0       0.0 |
     th0-lamb/SET-SET598^5.p |    di    -    2  60.05    1954.1 |    di   20    0   7.84     113.5 |    di   10    0    0.0       0.0 |    di   30    0    0.0       0.0 |
     th0-lamb/SET-SET600^5.p |    di   20    0   4.88     314.9 |    di   20    0    0.0       0.0 |    di   10    0    0.0       0.0 |    di   20    0    0.0       0.0 |
     th0-lamb/SET-SET603^5.p |    di   20    0   2.93     177.2 |    di   20    0    0.0       0.0 |    di   10    0    0.0       0.0 |    di   20    0    0.0       0.0 |
     th0-lamb/SET-SET608^5.p |    di   20    0   4.76     311.8 |    di   20    0    0.0       0.0 |    di   10    0    0.0       0.0 |    di   20    0    0.0       0.0 |
     th0-lamb/SET-SET611^3.p |    di   20    0  11.72     438.2 |    di   20    0    0.0       0.0 |    di   10    0    0.0       0.0 |    di   20    0    0.0       0.0 |
     th0-lamb/SET-SET611^5.p |    di   20    0  11.16     427.2 |    di   20    0    0.0       0.0 |    di   10    0    0.0       0.0 |    di   20    0    0.0       0.0 |
     th0-lamb/SET-SET616^5.p |    di   20    0   6.11     350.9 |    di   20    0    0.0       0.0 |    di   10    0    0.0       0.0 |    di   20    0    0.0       0.0 |
     th0-lamb/SET-SET636^5.p |    di   20    0  11.41     423.1 |    di   20    0    0.0       0.0 |    di   10    0    0.0       0.0 |    di   20    0    0.0       0.0 |
     th0-lamb/SET-SET638^5.p |    di   20    0   4.68     416.1 |    di   20    0    0.0       0.0 |    di   10    0    0.0       0.0 |    di   20    0    0.0       0.0 |
     th0-lamb/SET-SET669^3.p |    di   20    0   6.01     385.4 |    di   20    0    0.0       0.0 |    di   10    0    0.0       0.0 |    di   20    0    0.0       0.0 |
     th0-lamb/SET-SET671^3.p |    di   20    0   6.94     518.9 |    di   20    0    0.0       0.0 |    di   10    0    0.0       0.0 |    di   20    0    0.0       0.0 |
     th0-lamb/SET-SET673^3.p |    di   20    0   7.05     383.4 |    di   20    0    0.0       0.0 |    di   10    0    0.0       0.0 |    di   20    0    0.0       0.0 |
     th0-lamb/SET-SET724^4.p |    di   20    0   6.69     451.8 |    di   20    0   0.88      50.4 |    di   10    0  31.98      28.9 |    di   20    0    0.0       0.0 |
     th0-lamb/SET-SET752^4.p |    di   20    0  26.42     760.2 |    di   20    0    0.0       0.0 |    di   10    0    0.0       0.0 |    di   20    0    0.0       0.0 |
     th0-lamb/SEU-SEU831^5.p |    di   20    0   3.18     189.0 |    di   20    0    0.0       0.0 |    di   10    0    0.0       0.0 |    di   20    0    0.0       0.0 |
     th0-lamb/SEU-SEU832^5.p |    di   20    0   2.91     149.1 |    di   20    0    0.0       0.0 |    di   10    0    0.0       0.0 |    di   20    0    0.0       0.0 |
     th0-lamb/SEU-SEU843^5.p |    di   20    0   4.43     262.2 |    di   20    0    0.0       0.0 |    di   10    0    0.0       0.0 |    di   20    0    0.0       0.0 |
     th0-lamb/SEU-SEU845^5.p |    di   20    0   6.44     360.9 |    di   20    0    0.0       0.0 |    di   10    0    0.0       0.0 |    di   20    0    0.0       0.0 |
     th0-lamb/SEU-SEU847^5.p |    di   20    0   3.52     188.2 |    di   20    0    0.0       0.0 |    di   10    0    0.0       0.0 |    di   20    0    0.0       0.0 |
     th0-lamb/SEU-SEU848^5.p |    di   20    0  11.75     417.1 |    di   20    0    0.0       0.0 |    di   10    0    0.0       0.0 |    di   20    0    0.0       0.0 |
     th0-lamb/SEU-SEU849^5.p |    di   20    0  13.47     422.3 |    di   20    0    0.0       0.0 |    di   10    0    0.0       0.0 |    di   20    0    0.0       0.0 |
     th0-lamb/SEU-SEU854^5.p |    di   20    0  12.34     448.5 |    di   20    0    0.0       0.0 |    di   10    0    0.0       0.0 |    di   20    0    0.0       0.0 |
     th0-lamb/SEU-SEU855^5.p |    di   20    0  21.29     685.7 |    di   20    0    0.0       0.0 |    di   10    0    0.0       0.0 |    di   20    0    0.0       0.0 |
     th0-lamb/SEU-SEU856^5.p |    di   20    0  23.49     712.8 |    di   20    0    0.0       0.0 |    di   10    0    0.0       0.0 |    di   20    0    0.0       0.0 |
     th0-lamb/SEU-SEU864^5.p |    di   20    0   5.62     320.2 |    di   20    0   7.86     118.8 |    di   10    0  27.29      45.9 |    di   30    0    0.0       0.0 |
     th0-lamb/SEU-SEU875^5.p |    di   20    0  33.69     646.9 |    di    -    0   8.89     604.8 |    di   10    0    0.1      18.8 |    di   30    0    0.0       0.0 |
     th0-lamb/SEU-SEU918^5.p |    di   20    0   4.25     250.3 |    di   20    0   0.87      33.3 |    di   10    0    0.2      19.1 |    di   30    0    0.0       0.0 |
     th0-lamb/SEU-SEU932^5.p |    di   20    0   5.97     287.6 |    di   20    0   7.86     102.3 |    di   10    0   0.09      18.2 |    di   20    0    0.0       0.0 |
     th0-lamb/SEU-SEU948^5.p |    di   20    0  40.84    1121.1 |    di    -    0   7.86     196.0 |    di   10    0   8.49      38.5 |    di   30    0    0.0       0.0 |
     th0-lamb/SEU-SEU953^5.p |    di   20    0   4.84     399.0 |    di    -    0   7.85     153.7 |    di   10    0    0.0       0.0 |    di   30    0    0.0       0.0 |
     th0-lamb/SEU-SEU960^5.p |    di   20    0  29.45     667.6 |    di   20    0   7.86     195.7 |    di   10    0   0.39      21.9 |    di   30    0    0.0       0.0 |
     th0-lamb/SEV-SEV119^5.p |    di    -    2  60.07    1734.4 |    di   20    0   0.56      29.8 |    di   10    0   0.29      21.4 |    di   30    0    0.0       0.0 |
     th0-lamb/SEV-SEV141^5.p |    di    -    2  60.05    1738.0 |    di   20    0    1.9     228.8 |    di   10    0    0.0       0.0 |    di   30    0    0.0       0.0 |
     th0-lamb/SEV-SEV166^5.p |    di   20    0   5.56     263.5 |    di   20    0   0.87      33.3 |    di   10    0    0.0       0.0 |    di   30    0    0.0       0.0 |
     th0-lamb/SEV-SEV244^6.p |    di    -    2  60.07    1605.1 |    di   20    0   7.92     122.9 |    di   10    0    0.2      21.0 |    di   30    0    0.0       0.0 |
     th0-lamb/SEV-SEV245^5.p |    di    -    2  60.23    3219.1 |    di   20    0    0.0       0.0 |    di   10    0    0.0       0.0 |    di   30    0    0.0       0.0 |
     th0-lamb/SEV-SEV252^5.p |    di    -    2  60.09    1624.0 |    di   20    0   7.93     126.3 |    di   10    0   0.09      19.4 |    di   30    0    0.0       0.0 |
     th0-lamb/SEV-SEV256^5.p |    di   20    0   3.36     177.9 |    di   20    0   0.87      29.8 |    di   10    0   0.09       2.8 |    di   30    0    0.0       0.0 |
     th0-lamb/SEV-SEV257^5.p |    di   20    0   5.97     345.2 |    di   20    0   7.86      75.3 |    di   10    0   0.09      19.0 |    di   30    0    0.0       0.0 |
     th0-lamb/SEV-SEV267^5.p |    di    -    2  60.17    3069.8 |    di    -    0   8.81      92.1 |    di   10    0   0.09      18.6 |    di   30    0    0.0       0.0 |
     th0-lamb/SEV-SEV394^5.p |    di   20    0   5.23     508.4 |    di   20    0    0.0       0.0 |    di   10    0    0.0       0.0 |    di   20    0    0.0       0.0 |
     th0-lamb/SEV-SEV417^5.p |    di   20    0   7.71     380.2 |    di   20    0    0.0       0.0 |    di   10    0    0.1      19.3 |    di   20    0    0.0       0.0 |
     th0-lamb/SWV-SWV425^2.p |    di   20    0  23.33     610.3 |    di   20    0    0.0       0.0 |    di   10    0  20.79      50.7 |    di   30    0    0.0       0.0 |
     th0-lamb/SWV-SWV432^2.p |    di   20    0  38.39     765.3 |    di   20    0   3.24     140.2 |    di   10    0  28.49      53.9 |    di   30    0    0.0       0.0 |
     th0-lamb/SYO-SYO362^5.p |    di    -    2  60.23    1796.9 |    di   20    0   0.88      35.9 |    di   10    0   0.19      21.3 |    di   10    0    0.0       0.0 |
